40 30
0000000000000000000000000000000000000000
0111111111111000000000000001111111111110
0111111111111000011111100001111111111110
0000000000000000000000000000000000000000
0000000000000000000000000000000000000000
0011001100000111111111111110000011001100
0011001100000111111111111110000011001100
0011000000000000000000000000000000001100
0011000000000000000000000000000000001100
0011000000000000000000000000000000001100
0011001100011111100000011111100011001100
0011001100011111100000011111100011001100
0011001100000000000000000000000011001100
0000001100000000000000000000000011000000
0000001100000000111111110000000011000000
0000001100000000111111110000000011000000
0000001100000000000000000000000011000000
0011001100000000000000000000000011001100
0011001100011111100000011111100011001100
0011001100011111100000011111100011001100
0011000000000000000000000000000000001100
0011000000000000000000000000000000001100
0011000000000000000000000000000000001100
0011001100000111111111111110000011001100
0011001100000111111111111110000011001100
0000000000000000000000000000000000000000
0000000000000000000000000000000000000000
0111111111111000011111100001111111111110
0111111111111000000000000001111111111110
0000000000000000000000000000000000000000